# Created by Octave 5.2.0, Sun Jan 31 18:37:22 2021 +03 <burak@wonderland>
# name: AM
# type: matrix
# rows: 1957
# columns: 2
 0.31 91.668387096774183
 0.31038798498122655 92.799822782258062
 0.31077694235588971 94.651413895161312
 0.31116687578419072 95.18786157862904
 0.31155778894472363 94.367905548387085
 0.31194968553459118 95.691898034274203
 0.31234256926952142 97.623523016129027
 0.31273644388398486 98.96384353427419
 0.31313131313131315 97.987236387096772
 0.31352718078381797 97.382958707661274
 0.3139240506329114 95.976765524193553
 0.31432192648922685 94.648293653225807
 0.31472081218274112 92.674640096774183
 0.31512071156289706 91.832692800403223
 0.31552162849872772 87.81422095161291
 0.31592356687898088 85.128502016129033
 0.31632653061224492 86.084059870967721
 0.31673052362707538 86.361496475806433
 0.31713554987212278 87.971919298387078
 0.31754161331626118 97.481851832661306
 0.31794871794871793 97.213979032258095
 0.31835686777920413 91.466599112903211
 0.31876606683804626 83.980714338709689
 0.31917631917631917 82.424832042338721
 0.31958762886597936 79.326975483870982
 0.32000000000000001 81.883593749999989
 0.32041343669250644 88.899979645161309
 0.32082794307891332 97.567089074596751
 0.32124352331606215 96.054356774193565
 0.32166018158236059 101.97179936491933
 0.32207792207792207 105.51946491935483
 0.32249674902470743 104.68162734072581
 0.32291666666666669 106.73436077419355
 0.32333767926988266 91.227493395161275
 0.32375979112271541 113.47695423387096
 0.32418300653594773 112.15553951612902
 0.32460732984293195 113.62066290322581
 0.32503276539973786 91.04489346975808
 0.32545931758530183 96.521529120967756
 0.32588699080157685 108.64239905040326
 0.32631578947368423 114.81197419354838
 0.32674571805006586 103.01164526612905
 0.32717678100263853 89.849762290322587
 0.3276089828269485 101.81209078024193
 0.32804232804232802 110.32718922580646
 0.32847682119205296 104.03071174395164
 0.32891246684350134 104.58287376612904
 0.3293492695883134 97.742749028225816
 0.32978723404255317 101.05305651612905
 0.33022636484687085 102.24564902822581
 0.33066666666666666 105.35874495967741
 0.33110814419225632 116.84881715725808
 0.33155080213903743 99.824086645161316
 0.33199464524765732 96.568182526209654
 0.33243967828418231 104.01800163709679
 0.33288590604026846 119.71083568548386
 0.33333333333333331 115.79616
 0.33378196500672946 102.67888799596776
 0.33423180592991913 103.94115516129033
 0.33468286099865047 119.22585423387099
 0.33513513513513515 120.09662903225805
 0.33558863328822736 111.55842685483869
 0.33604336043360433 106.42739066129033
 0.33649932157394846 103.35542383064514
 0.33695652173913043 90.98745393548387
 0.33741496598639453 52.591339415322579
 0.33787465940054495 85.81318602419357
 0.33833560709413368 111.06500235887098
 0.33879781420765026 117.90288580645162
 0.33926128590971272 118.27046487903226
 0.33972602739726027 108.76102217741936
 0.34019204389574759 113.56337014112904
 0.34065934065934067 122.66565161290323
 0.34112792297111416 109.74435828629034
 0.3415977961432507 105.78712862903225
 0.34206896551724136 108.50553175403228
 0.34254143646408841 122.73750129032256
 0.34301521438450899 99.830700108870943
 0.34349030470914127 99.618843766129018
 0.34396671289875175 108.5692120766129
 0.34444444444444444 107.25445161290324
 0.34492350486787204 100.7865497983871
 0.34540389972144847 98.243699701612911
 0.34588563458856347 95.014219191532248
 0.34636871508379891 105.29086032258063
 0.34685314685314683 89.097447379032261
 0.34733893557422968 85.695063096774206
 0.34782608695652173 111.215968125
 0.34831460674157305 110.33186451612903
 0.34880450070323488 92.31975342943548
 0.3492957746478873 107.1009233870968
 0.34978843441466856 96.717445951612888
 0.35028248587570621 91.268451290322602
 0.35077793493635079 95.289762185483852
 0.35127478753541075 111.81647927419355
 0.35177304964539008 114.51616330645162
 0.35227272727272729 121.12615225806451
 0.35277382645803701 114.52496463709676
 0.35327635327635326 118.85915830645162
 0.35378031383737518 116.9950485685484
 0.35428571428571426 117.72842741935486
 0.35479256080114452 120.82038840725806
 0.35530085959885388 102.34230798387095
 0.35581061692969873 118.45512189516127
 0.35632183908045978 109.61865290322581
 0.35683453237410073 106.56739062499999
 0.35734870317002881 119.08838516129033
 0.35786435786435788 95.0612229254032
 0.3583815028901734 120.9710870967742
 0.3589001447178003 79.986731469758055
 0.35942028985507246 107.05530846774192
 0.35994194484760522 108.32444108870968
 0.36046511627906974 76.677910709677434
 0.36098981077147019 109.9326180846774
 0.36151603498542273 82.441587967741924
 0.36204379562043798 94.658575604838703
 0.36257309941520466 124.17992419354842
 0.36310395314787702 68.44409372177418
 0.36363636363636365 66.394575500000002
 0.36417033773861968 41.695479907258061
 0.36470588235294116 116.61616129032259
 0.36524300441826213 88.736449727822588
 0.36578171091445427 91.336245096774192
 0.36632200886262922 69.207678999999999
 0.36686390532544377 47.093403709677425
 0.3674074074074074 77.676713709677415
 0.36795252225519287 36.075559201612911
 0.3684992570579495 65.662833877016126
 0.36904761904761907 47.709485419354841
 0.36959761549925485 32.958367395161289
 0.37014925373134328 72.653921975806469
 0.37070254110612855 31.95008041935484
 0.3712574850299401 31.129521870967746
 0.37181409295352325 81.348312431451603
 0.37237237237237236 41.687109870967745
 0.37293233082706767 31.372119102822577
 0.37349397590361444 0.53322637806451623
 0.37405731523378583 0.14297513461693548
 0.37462235649546827 34.666337379032264
 0.37518910741301059 34.721125274193554
 0.37575757575757573 15.627150000000002
 0.37632776934749623 10.711680955645161
 0.37689969604863222 76.441714604838722
 0.37747336377473362 96.842541774193577
 0.37804878048780488 24.851903999999998
 0.37862595419847328 51.262432711693556
 0.37920489296636084 10.508361241935484
 0.37978560490045943 21.032451985887093
 0.38036809815950923 10.497326193548385
 0.38095238095238093 84.912289875000013
 0.38153846153846155 22.204248991935486
 0.38212634822804314 6.2338597195564507
 0.38271604938271603 31.716297290322586
 0.38330757341576505 61.559154153225812
 0.38390092879256965 2.8673647741935482
 0.38449612403100775 1.667035660282258
 0.38509316770186336 13.452998999999998
 0.38569206842923792 4.1471602112903225
 0.38629283489096572 1.1329524145161292
 0.38689547581903277 2.565769599395161
 0.38750000000000001 3.6205832258064516
 0.38810641627543035 22.167055578629036
 0.38871473354231972 34.785848935483877
 0.38932496075353218 66.119894933467734
 0.38993710691823902 86.615968064516125
 0.3905511811023622 75.037245866935478
 0.39116719242902209 101.42905838709676
 0.39178515007898895 113.23503453629033
 0.39240506329113922 74.344402580645166
 0.39302694136291599 45.24746557661291
 0.39365079365079364 53.408656451612906
 0.39427662957074722 25.937617735887098
 0.39490445859872614 26.430884161290319
 0.39553429027113235 90.720857540322584
 0.3961661341853035 45.51924166129033
 0.39679999999999999 23.854114163306456
 0.39743589743589741 77.087812645161307
 0.39807383627608345 17.745163977822582
 0.3987138263665595 6.5964502008064514
 0.39935587761674718 7.1650698296370967
 0.40000000000000002 34.107749999999996
 0.40064620355411956 5.0606607076612899
 0.40129449838187703 18.330041975806449
 0.40194489465153971 13.562813143145162
 0.40259740259740262 27.71252851612903
 0.40325203252032521 45.92154783266129
 0.40390879478827363 13.295189580645161
 0.40456769983686786 22.055973582661291
 0.40522875816993464 47.582190580645154
 0.40589198036006546 2.1787344731854836
 0.40655737704918032 7.7428308467741935
 0.40722495894909688 31.472542923387099
 0.40789473684210525 15.086166709677421
 0.40856672158154861 18.560618375000001
 0.40924092409240925 44.98122723387096
 0.40991735537190083 55.369398739919355
 0.41059602649006621 4.6608921580645157
 0.41127694859038144 40.723474917338713
 0.41196013289036543 50.034402250000007
 0.41264559068219636 21.05015343951613
 0.41333333333333333 56.95548387096774
 0.41402337228714525 30.928501522177417
 0.41471571906354515 74.116312903225804
 0.41541038525963148 50.032350508064525
 0.41610738255033558 9.5829542258064517
 0.41680672268907565 6.0975809929435476
 0.4175084175084175 2.5063449169354839
 0.41821247892074198 52.732461635080647
 0.41891891891891891 32.482218838709677
 0.41962774957698817 16.450712582661289
 0.42033898305084744 36.688055645161292
 0.42105263157894735 10.1341499375
 0.42176870748299322 11.343330870967741
 0.42248722316865417 45.087826223790323
 0.42320819112627989 40.749197112903218
 0.42393162393162392 7.4758223286290324
 0.42465753424657532 19.905018322580649
 0.42538593481989706 8.6212570745967749
 0.42611683848797249 18.588845322580646
 0.42685025817555938 0.75515662419354834
 0.42758620689655175 5.5039380645161291
 0.42832469775474957 18.007713635080645
 0.4290657439446367 1.2543641798387097
 0.42980935875216636 3.0428099653225806
 0.43055555555555558 1.6537963354838707
 0.43130434782608695 2.6110042842741938
 0.43205574912891986 0.041934456459677423
 0.43280977312390922 1.1096328683467742
 0.43356643356643354 0.16725962709677422
 0.43432574430823118 0.0029492906344758063
 0.43508771929824563 0.0075761963709677412
 0.43585237258347981 0.26485085836693545
 0.43661971830985913 0.0012754705677419356
 0.43738977072310403 1.379032250806452e-06
 0.43816254416961131 0.025194449290322579
 0.43893805309734513 0.0011330556703629032
 0.43971631205673761 1.3177896387096772e-07
 0.4404973357015986 1.8331160816532255e-06
 0.44128113879003561 2.5619660588709672e-06
 0.44206773618538325 4.2816015399193548e-10
 0.44285714285714284 1.0422141935483872e-08
 0.44364937388193204 2.280922299395161e-12
 0.44444444444444442 7.6397175000000013e-13
 0.44524236983842008 2.4310761358870967e-23
 0.4460431654676259 2.9958145387096777e-30
 0.44684684684684683 2.4834515624999997e-34
 0.44765342960288806 5.1848384185483879e-20
 0.44846292947558769 1.6509370147177421e-23
 0.44927536231884058 0
 0.45009074410163341 4.1170988834677416e-40
 0.45090909090909093 1.0153266129032256e-24
 0.45173041894353372 7.988341826612902e-20
 0.45255474452554745 1.4115498903225806e-23
 0.45338208409506398 3.3110854016129034e-17
 0.45421245421245421 3.6503582951612904e-15
 0.45504587155963305 4.3676448336693547e-18
 0.45588235294117646 3.3443154580645162e-41
 0.4567219152854512 2.292034857459678e-22
 0.45756457564575648 6.6629939516129025e-32
 0.45841035120147872 1.7298273215725808e-38
 0.45925925925925926 0
 0.46011131725417442 4.1753022104838701e-29
 0.46096654275092935 5.9674482741935494e-26
 0.46182495344506519 0
 0.46268656716417911 0
 0.46355140186915889 0
 0.46441947565543074 0
 0.46529080675422141 6.3708103770161294e-34
 0.46616541353383456 1.4874737161290323e-21
 0.46704331450094161 7.4657133326612918e-24
 0.4679245283018868 8.0956965725806457e-16
 0.46880907372400754 5.0770830459677433e-15
 0.46969696969696972 6.60425806451613e-13
 0.47058823529411764 2.1852680812499999e-12
 0.47148288973384028 1.5633309629032258e-41
 0.4723809523809524 2.1498194304435481e-24
 0.47328244274809161 3.1280074354838703e-25
 0.47418738049713194 6.1742554112903225e-34
 0.47509578544061304 3.2657976508064515e-30
 0.47600767754318618 3.1770089461693545e-31
 0.47692307692307695 2.4484283870967736e-24
 0.47784200385356457 1.2402553463709676e-29
 0.47876447876447875 2.9641687362903231e-27
 0.47969052224371372 9.2656594072580649e-31
 0.48062015503875971 2.0513521741935484e-18
 0.48155339805825242 5.7675742943548388e-24
 0.48249027237354086 8.127222919354837e-15
 0.48343079922027288 8.4654463608870974e-11
 0.484375 1.6394570322580648e-07
 0.48532289628180036 5.493543618951614e-06
 0.48627450980392156 1.4799480241935484e-09
 0.48722986247544203 2.8079992737903229e-07
 0.48818897637795278 0.0019623269806451613
 0.48915187376725838 0.00090703056411290317
 0.49011857707509882 0.0032826809169354838
 0.49108910891089108 0.21282761743951614
 0.49206349206349204 1.8976429161290325
 0.49304174950298213 2.6463925241935482
 0.49402390438247012 11.260412604838709
 0.49500998003992014 7.6874116754032267
 0.496 35.605846774193552
 0.4969939879759519 14.444066072580645
 0.49799196787148592 17.556783169354841
 0.49899396378269617 27.93890910887097
 0.5 39.875920000000001
 0.50101010101010102 81.288031754032261
 0.50202429149797567 82.2981889516129
 0.50304259634888437 118.32958169354838
 0.50406504065040647 162.82220225806452
 0.50509164969450104 120.79810671370967
 0.5061224489795918 65.887118951612919
 0.50715746421267893 100.26690641129032
 0.50819672131147542 207.65100516129036
 0.50924024640657084 71.141136733870965
 0.51028806584362141 214.76216540322579
 0.51134020618556697 156.87041431451618
 0.51239669421487599 125.58199677419358
 0.51345755693581785 128.40301814516127
 0.51452282157676343 158.37845588709683
 0.51559251559251562 156.72375481854834
 0.51666666666666672 205.08387096774192
 0.51774530271398744 187.78080552419357
 0.51882845188284521 170.94380556451611
 0.51991614255765195 141.40743858870971
 0.52100840336134457 194.38028129032256
 0.52210526315789474 200.81989667338709
 0.52320675105485237 139.59355427419351
 0.52431289640591972 222.86746292338705
 0.52542372881355937 225.64515741935477
 0.52653927813163481 212.32777808467745
 0.52765957446808509 184.98593548387097
 0.52878464818763327 227.94345564516129
 0.52991452991452992 202.40290451612904
 0.53104925053533192 254.87832788306449
 0.53218884120171672 248.78372064516131
 0.53333333333333333 245.06226562499998
 0.53448275862068961 225.8481083870968
 0.5356371490280778 251.28282316532258
 0.53679653679653683 274.85218306451605
 0.53796095444685466 253.52984054435484
 0.53913043478260869 250.95077419354837
 0.54030501089324623 260.22926340725797
 0.54148471615720528 267.3645177419354
 0.54266958424507661 265.6087685483871
 0.54385964912280704 277.89640258064514
 0.54505494505494501 267.21668397177422
 0.54625550660792954 269.55900346774189
 0.54746136865342165 281.90172647177417
 0.54867256637168138 275.68271000000004
 0.54988913525498895 277.58495342741929
 0.55111111111111111 293.6944052419355
 0.5523385300668151 287.92362173387096
 0.5535714285714286 295.86844903225801
 0.55480984340044748 299.30663086693545
 0.55605381165919288 303.88028362903219
 0.55730337078651682 301.24153881048397
 0.55855855855855852 308.93913870967748
 0.55981941309255079 301.78427372983873
 0.56108597285067874 312.40515443548384
 0.56235827664399096 290.19231471774191
 0.5636363636363636 277.91748387096777
 0.56492027334851935 306.92373451612906
 0.56621004566210043 305.82099580645166
 0.56750572082379858 287.03102721774201
 0.56880733944954132 313.53575741935481
 0.57011494252873562 306.91074193548388
 0.5714285714285714 311.37981000000002
 0.5727482678983834 288.45333850806452
 0.57407407407407407 316.69641290322579
 0.57540603248259858 317.74119435483874
 0.57674418604651168 315.5191754032258
 0.57808857808857805 332.0381638306452
 0.57943925233644855 335.22302677419361
 0.58079625292740045 331.00065475806451
 0.5821596244131455 328.46424241935489
 0.58352941176470585 322.76522177419361
 0.58490566037735847 317.46411870967745
 0.58628841607565008 330.70480276209685
 0.58767772511848337 321.89401080645166
 0.5890736342042755 332.87360631048392
 0.59047619047619049 306.32784677419352
 0.59188544152744627 317.66276344758069
 0.59330143540669855 313.86912096774194
 0.59472422062350117 298.35285641129036
 0.59615384615384615 302.88986838709678
 0.59759036144578315 268.90364264112901
 0.59903381642512077 226.9476551612903
 0.6004842615012107 212.78138860887091
 0.60194174757281549 236.79630225806457
 0.6034063260340633 186.99146020161291
 0.60487804878048779 230.21227217741935
 0.60635696821515894 307.1562458467742
 0.60784313725490191 301.31662064516138
 0.60933660933660938 321.90009100806446
 0.61083743842364535 282.00249225806448
 0.61234567901234571 244.74778729838707
 0.61386138613861385 148.01651000000001
 0.61538461538461542 87.255544999999998
 0.61691542288557211 129.50475387096776
 0.61845386533665836 48.632576633064517
 0.62 123.08387096774193
 0.62155388471177941 260.5953465725807
 0.62311557788944727 273.41616233870963
 0.62468513853904284 263.94105578629035
 0.6262626262626263 238.73971354838707
 0.6278481012658228 213.45541179435483
 0.62944162436548223 152.87929217741936
 0.63104325699745545 88.942072318548398
 0.63265306122448983 67.866201290322579
 0.63427109974424556 30.933744274193547
 0.63589743589743586 51.293885080645168
 0.63753213367609252 33.141129495967746
 0.63917525773195871 9.9617028709677449
 0.64082687338501287 10.850703659274195
 0.6424870466321243 1.6594429500000003
 0.64415584415584415 2.7975974546370965
 0.64583333333333337 1.3398577548387096
 0.64751958224543082 0.058992046028225803
 0.64921465968586389 0.067798761693548384
 0.65091863517060367 0.001658435158669355
 0.65263157894736845 0.002510143629032258
 0.65435356200527706 0.37494355383064515
 0.65608465608465605 0.64335249435483877
 0.65782493368700268 0.12576697197580644
 0.65957446808510634 0.22091425161290326
 0.66133333333333333 1.2795173891129032e-06
 0.66310160427807485 7.5188990161290336e-07
 0.66487935656836461 0.047634852379032262
 0.66666666666666663 0.031111290000000003
 0.66846361185983827 0.00078799472500000001
 0.67027027027027031 0.008278309879032256
 0.67208672086720866 0.017200757939516132
 0.67391304347826086 0.00017119941677419355
 0.6757493188010899 0.017430820383064514
 0.67759562841530052 0.014054847169354838
 0.67945205479452053 3.4230229838709678
 0.68131868131868134 2.638032758064516
 0.6831955922865014 8.7180070645161276
 0.68508287292817682 25.604042508064513
 0.68698060941828254 38.925516431451612
 0.68888888888888888 83.163483870967752
 0.69080779944289694 121.9458510282258
 0.69273743016759781 229.72363419354835
 0.69467787114845936 197.80547316532258
 0.6966292134831461 256.79370967741932
 0.69859154929577461 291.78852822580649
 0.70056497175141241 358.06015161290333
 0.7025495750708215 333.7310395161291
 0.70454545454545459 399.64036129032257
 0.70655270655270652 380.06018165322587
 0.70857142857142852 409.14012096774201
 0.71060171919770776 380.16154858870965
 0.71264367816091956 410.63045806451612
 0.71469740634005763 392.15463427419354
 0.7167630057803468 420.14040564516131
 0.71884057971014492 427.3381451612903
 0.72093023255813948 446.09809032258073
 0.72303206997084546 449.84138810483876
 0.72514619883040932 443.0954758064517
 0.72727272727272729 463.67048750000004
 0.72855464159811989 476.47753535483866
 0.72941176470588232 465.54637096774206
 0.72984108298999406 478.4075576693549
 0.73027090694935215 482.215869
 0.73070123747790217 420.5217867983871
 0.73113207547169812 485.32560929032257
 0.73156342182890854 485.81925967741932
 0.73199527744982296 473.88335783870963
 0.73242764323685761 488.51053520967747
 0.7328605200945626 478.09828800000003
 0.73329390892962742 445.13356244354839
 0.73372781065088755 472.7075830645162
 0.73416222616933091 476.63446514516136
 0.7345971563981043 482.84891509677425
 0.73503260225251932 470.13571770967735
 0.73546856465005928 482.00341529032261
 0.73590504451038574 488.1864211693549
 0.73634204275534443 452.7535583225806
 0.73677956030897207 477.54850833870961
 0.73721759809750298 464.66080148387096
 0.73765615704937537 443.16592070161289
 0.73809523809523814 467.92660645161288
 0.73853484216795706 484.30669695967748
 0.73897497020262215 474.9196037096774
 0.7394156231365534 481.4752608145161
 0.73985680190930792 478.99836709677407
 0.74029850746268655 483.29153225806459
 0.7407407407407407 487.57342500000004
 0.74118350268977884 488.20996242741944
 0.74162679425837319 476.75979716129029
 0.74207061639736682 492.67290999193546
 0.74251497005988021 498.58334838709681
 0.7429598562013181 483.33976190322585
 0.74340527577937654 481.48181303225812
 0.74385122975404916 472.14220525806456
 0.74429771908763509 400.30680245161284
 0.74474474474474472 473.46920201612903
 0.74519230769230771 493.44406296774196
 0.74564040889957905 495.90666705645162
 0.74608904933814679 488.0261415483871
 0.74653822998193864 498.0297392258064
 0.74698795180722888 496.27467096774194
 0.74743821579264613 490.97141709677425
 0.74788902291917969 498.51575377419363
 0.74834037417018706 492.06901392741941
 0.74879227053140096 488.77716077419365
 0.74924471299093653 491.05858689516134
 0.74969770253929868 476.16901958064511
 0.75015124016938894 490.88609107258071
 0.75060532687651327 492.40519187096783
 0.7510599636583889 458.44016012096779
 0.75151515151515147 494.57286290322577
 0.75197089144936324 479.52232473387096
 0.75242718446601942 474.2975896774193
 0.75288403157255612 498.07001380645158
 0.75334143377885787 475.20091680645152
 0.75379939209726443 476.21675443548395
 0.75425790754257904 487.2553490322581
 0.75471698113207553 468.81156624999994
 0.7551766138855055 480.1346245806451
 0.75563680682510659 476.90053838709673
 0.75609756097560976 466.58052903225803
 0.75655887736424654 477.16859956451611
 0.757020757020757 476.1753976451613
 0.75748320097739763 490.57061532258075
 0.75794621026894871 508.08096245161283
 0.75840978593272168 503.75200463709672
 0.75887392900856798 501.30577090322572
 0.75933864053888545 500.36978195967743
 0.75980392156862742 511.6566379354839
 0.76026977314530964 510.70800617741929
 0.76073619631901845 506.76082177419346
 0.76120319214241872 516.53978078225805
 0.76167076167076164 515.67068051612898
 0.76213890596189304 514.01267791935493
 0.76260762607626076 511.09960964516137
 0.7630769230769231 506.4463205645161
 0.76354679802955661 516.1812753548387
 0.76401725200246462 515.05719140322572
 0.76448828606658448 503.98402045161288
 0.76495990129549662 496.49700508064507
 0.76543209876543206 496.28673870967754
 0.76590487955528108 509.43532338709673
 0.76637824474660077 514.12649393548372
 0.76685219542362404 494.78772084677422
 0.76732673267326734 485.43597419354836
 0.7678018575851393 507.00528548387103
 0.76827757125154894 500.78947296774197
 0.768753874767514 497.67224928225806
 0.76923076923076927 483.58065599999998
 0.76970825574177526 474.69258290322591
 0.77018633540372672 454.87174193548384
 0.77066500932256055 474.4959555403226
 0.77114427860696522 479.39044645161277
 0.77162414436838833 485.16719277419355
 0.77210460772104605 502.11900838709687
 0.77258566978193144 492.0000006048387
 0.77306733167082298 473.93760541935484
 0.77354959451029315 464.12526429838715
 0.77403245942571786 463.877523
 0.7745159275452842 461.43819292741932
 0.77500000000000002 491.56129032258065
 0.77548467792370235 499.02982098387093
 0.77596996245306638 523.50941358064506
 0.77645585472761425 507.86047603225802
 0.77694235588972427 502.29456154838715
 0.77742946708463945 529.79320625000014
 0.77791718946047683 525.05146503225808
 0.77840552416823605 528.67005336290322
 0.77889447236180909 515.57947096774183
 0.77938403519798871 493.94682545967737
 0.77987421383647804 492.95911209677411
 0.78036500943989928 473.07652897580653
 0.78085642317380355 510.59215006451609
 0.78134845620667925 513.93025328225804
 0.78184110970996212 518.67871229032255
 0.78233438485804419 524.20411008064514
 0.78282828282828287 503.915569548387
 0.78332280480101069 500.26840479838717
 0.78381795195954485 488.33392887096772
 0.78431372549019607 501.32324250000011
 0.78481012658227844 492.51556129032258
 0.7853071564281191 475.96774961290316
 0.78580481622306719 472.2323818064516
 0.78630310716550411 433.24709885483873
 0.78680203045685282 494.31148490322573
 0.78730158730158728 479.60083669354839
 0.78780177890724268 482.40853241935491
 0.78830260648442463 467.06950728225814
 0.78880407124681939 473.80967419354835
 0.7893061744112031 467.87290150806444
 0.78980891719745228 480.55610887096765
 0.79031230082855319 505.29629816129039
 0.79081632653061229 510.00585909677415
 0.79132099553286539 520.9597146129031
 0.79182630906768836 519.04905822580656
 0.792332268370607 527.9264983870969
 0.79283887468030689 518.09891406451618
 0.79334612923864367 525.37624454032266
 0.79385403329065296 526.45537148387109
 0.79436258808456117 530.61564872580641
 0.79487179487179482 521.41842580645175
 0.79538165490699164 525.45431167741935
 0.79589216944801022 525.56345703225804
 0.79640333975594091 529.07279385483878
 0.79691516709511567 513.71038838709683
 0.797427652733119 521.8058949596774
 0.79794079794079797 515.58456599999988
 0.79845460399227297 527.7193692580646
 0.7989690721649485 528.0112268387096
 0.79948420373952289 524.92541820967745
 0.80000000000000004 522.93124999999986
 0.80051646223369921 529.0679204999999
 0.8010335917312662 515.49523548387094
 0.80155138978668394 527.06568210483863
 0.80206985769728334 529.6998209354839
 0.80258899676375406 533.32683568548396
 0.80310880829015541 523.12014967741936
 0.80362929358392743 522.40435154838701
 0.80415045395590146 516.33912280645166
 0.80467229072031143 515.2291743870968
 0.80519480519480524 506.66173870967731
 0.8057179987004548 521.36113463709682
 0.80624187256176849 518.90973941935488
 0.80676642810670141 520.78805632258059
 0.80729166666666663 522.54601083870978
 0.80781758957654726 507.08242217741929
 0.8083441981747066 510.33121896774202
 0.80887149380300061 525.24489150000011
 0.80939947780678856 526.92581561290331
 0.80992815153494446 509.86822623387104
 0.81045751633986929 481.81007903225805
 0.81098757357750162 513.64629196774194
 0.81151832460732987 525.85360929032254
 0.81204977079240337 493.0478579032258
 0.81258191349934472 502.26160983870972
 0.81311475409836065 485.45546370967747
 0.81364829396325455 515.81790696774203
 0.81418253447143796 523.8394364193548
 0.81471747700394215 492.7759270322581
 0.81525312294543062 513.15479600806452
 0.81578947368421051 492.82322580645172
 0.81632653061224492 454.71758674999995
 0.81686429512516467 468.50251906451615
 0.81740276862228078 462.65188291129039
 0.81794195250659629 476.01700683870973
 0.81848184818481851 491.86301552419349
 0.8190224570673712 417.23512835483871
 0.81956378056840717 447.47715637903224
 0.82010582010582012 480.60646606451616
 0.82064857710125749 487.44633349999992
 0.82119205298013243 497.42955806451607
 0.8217362491716369 343.21487008064508
 0.82228116710875332 445.67986554838711
 0.82282680822826804 467.28664666129032
 0.82337317397078358 471.4039663548387
 0.82392026578073085 336.13701653225809
 0.82446808510638303 292.4020521290322
 0.82501663339986697 336.90204384677418
 0.82556591211717711 424.92926954838708
 0.8261159227181879 482.43292380645158
 0.82666666666666666 454.73588709677421
 0.82721814543028682 394.29431257258068
 0.8277703604806409 343.26022477419349
 0.82832331329325315 412.96012620967747
 0.82887700534759357 304.15359380645162
 0.8294314381270903 328.99928487903225
 0.82998661311914324 366.61191299999996
 0.83054253181513726 326.39389268548393
 0.83109919571045576 295.15095341935483
 0.83165660630449367 354.58141950000004
 0.83221476510067116 312.92667580645161
 0.83277367360644727 339.23739300806454
 0.83333333333333337 168.16780799999998
 0.83389374579690656 108.11368169435485
 0.83445491251682369 219.75111806451611
 0.83501683501683499 222.35425947580649
 0.83557951482479786 244.14849380645163
 0.83614295347269052 263.54221976612905
 0.83670715249662619 103.5991860967742
 0.83727211343686703 203.92950781451611
 0.83783783783783783 107.11232645161292
 0.83840432724814062 211.70547936290322
 0.83897158322056831 111.83148735483871
 0.83953960731211918 122.68637608387098
 0.84010840108401086 120.83717752258066
 0.84067796610169487 323.94003528225807
 0.84124830393487104 170.55331384193548
 0.84181941615750167 122.83115834032259
 0.84239130434782605 81.727947148387102
 0.8429639700883752 31.14535013548387
 0.84353741496598644 86.571927580645152
 0.84411164057181753 165.05791213306452
 0.84468664850136244 133.7192392
 0.84526244035446485 62.573723230645172
 0.84583901773533421 112.99880946129035
 0.84641638225255977 161.62978159274189
 0.84699453551912574 262.4500521290322
 0.84757347915242653 74.610846794354842
 0.84815321477428185 225.12111806451611
 0.84873374401095136 155.40001435161292
 0.84931506849315064 146.84145451612906
 0.84989718985606577 279.93871828225809
 0.85048010973936905 233.88546977419352
 0.85106382978723405 200.30107500000003
 0.85164835164835162 151.31727050322581
 0.85223367697594499 112.93645463709677
 0.8528198074277854 234.58162938709677
 0.85340674466620781 139.57475113064515
 0.85399449035812669 106.02898850322582
 0.85458304617505165 19.137076347580646
 0.85517241379310349 46.478814516129027
 0.85576259489302964 172.92923397580645
 0.85635359116022103 195.61910141935482
 0.85694540428472699 61.151042689516132
 0.85753803596127243 38.94331050000001
 0.8581314878892734 83.775267560483854
 0.8587257617728532 103.90535369032258
 0.85932085932085933 75.671279586290311
 0.85991678224687929 60.90021160322582
 0.86051353226925742 53.251690161290334
 0.86111111111111116 66.223091612903204
 0.86170952050034744 85.231878321774204
 0.86230876216968011 22.117592719354839
 0.86290883785664574 49.759091709677428
 0.86350974930362112 63.776970722580657
 0.86411149825783973 35.564808548387099
 0.86471408647140868 34.76236650967742
 0.86531751570132587 59.34252002096774
 0.86592178770949724 4.1664049238709682
 0.86652690426275336 82.828629609677421
 0.86713286713286708 101.58700395161294
 0.86773967809657104 62.6116119516129
 0.86834733893557425 7.496961305806451
 0.86895585143658027 81.364481156451617
 0.86956521739130432 45.576100799999999
 0.87017543859649127 42.331980846774194
 0.8707865168539326 27.759272258064513
 0.87139845397048488 15.056000317903228
 0.87201125175808725 75.524837399999996
 0.87262491203377901 14.922353832016128
 0.87323943661971826 13.451014129032258
 0.87385482734319941 3.4818366904838709
 0.87447108603667134 21.986618319354839
 0.87508821453775587 19.040940928225805
 0.87570621468926557 57.507916645161288
 0.87632508833922262 0.29655535766129026
 0.87694483734087691 0.58656473941935494
 0.87756546355272469 37.601512787903225
 0.87818696883852687 4.2441021470967755
 0.87880935506732816 3.3945203049999999
 0.87943262411347523 0.74799055887096777
 0.88005677785663594 0.99134366321774192
 0.88068181818181823 2.6368369961290319
 0.88130774697938874 0.2786994563951613
 0.88193456614509247 3.2598663329032256
 0.88256227758007122 0.00058017231532258055
 0.88319088319088324 1.1746539731612902
 0.88382038488952241 3.7780753387096775
 0.88445078459343796 2.909252436451613
 0.88508208422555312 1.6664813651612908e-05
 0.88571428571428568 5.1317225806451618e-06
 0.88634739099356685 1.2820613582741935
 0.88698140200286124 2.0023184206451612
 0.88761632068718688 0.077209744123387089
 0.88825214899713467 9.9350325354838698e-06
 0.88888888888888884 0.0010536156000000001
 0.88952654232424677 0.11835874365806452
 0.89016511127063891 0.18130679124193547
 0.89080459770114939 0.037162520361290322
 0.89144500359453627 0.53652377664516127
 0.8920863309352518 0.76860184516129038
 0.89272858171346292 0.9039491246612904
 0.89337175792507206 0.0062553640748387093
 0.89401586157173751 0.30867183890322586
 0.89466089466089471 0.0039062833983870959
 0.89530685920577613 0.003232982602822581
 0.89595375722543358 0.00095292391277419352
 0.89660159074475776 6.7895832026612903e-05
 0.89725036179450068 0.0039541587845161293
 0.89790007241129621 0.0036475992158064505
 0.89855072463768115 0.12530184096774194
 0.89920232052211746 0.079997742841935476
 0.89985486211901311 1.6981229577419352
 0.90050835148874364 0.18762502282258064
 0.90116279069767447 0.39315036490322575
 0.90181818181818185 0.49296522177419344
 0.90247452692867536 0.27278285719354844
 0.90313182811361981 0.067501300587903212
 0.90379008746355682 0.0041743383251612908
 0.90444930707512761 2.9909029492741936e-05
 0.9051094890510949 0.00044197967741935488
 0.90577063550036518 0.00078090545473387103
 0.9064327485380117 2.2351443096774189e-10
 0.90709583028529628 0.0074994709190322585
 0.90775988286969256 0.019247938061290323
 0.90842490842490842 1.3638205959677421e-08
 0.90909090909090906 0.0020388935600000003
 0.90975788701393989 0.0047287712054032253
 0.91042584434654916 2.7041754309677419e-08
 0.91109478324761206 7.1901424752419355e-06
 0.91176470588235292 0.0031926482580645161
 0.91243561442236942 0.0010938152722499998
 0.91310751104565535 0.0062386283445161287
 0.91378039793662491 0.10660504670483871
 0.91445427728613571 0.071280677032258058
 0.91512915129151295 0.0053354294233870963
 0.91580502215657311 0.42889245035483869
 0.91648189209164821 0.1418662923096774
 0.91715976331360949 2.2353496980645162
 0.91783863804589194 6.8147706369354841
 0.91851851851851851 23.552872983870969
 0.91919940696812452 23.714648676612903
 0.91988130563798221 6.9535001535483874
 0.92056421677802525 87.96810860564517
 0.92124814264487365 85.013312238709673
 0.92193308550185871 159.07748870967743
 0.92261904761904767 110.19377961290323
 0.92330603127326882 184.88856805645162
 0.92399403874813713 258.49642961290323
 0.92468307233407909 247.10411257258065
 0.92537313432835822 243.72373870967741
 0.92606422703510083 255.65029194354835
 0.92675635276532142 257.044388516129
 0.9274495138369484 237.19887359677418
 0.92814371257485029 264.10703070967742
 0.92883895131086147 332.25560745967738
 0.92953523238380809 242.89504274193547
 0.93023255813953487 290.95124400000003
 0.93093093093093093 208.60009432258067
 0.93163035311795639 206.87260709677423
 0.93233082706766912 327.00398951612908
 0.93303235515425131 252.95704773387098
 0.9337349397590361 333.51649032258064
 0.93443858327053508 378.10269858870964
 0.93514328808446456 397.7532264193548
 0.9358490566037736 456.2359677419355
 0.93655589123867067 371.07957277419359
 0.93726379440665153 328.5960386370968
 0.93797276853252642 425.88522119354838
 0.93868281604844817 420.30156859677419
 0.93939393939393945 363.54332903225799
 0.94010614101592116 376.78452947580644
 0.94081942336874047 466.89410219354846
 0.94153378891419892 436.65760575000002
 0.94224924012158051 452.78257793548386
 0.94296577946768056 398.57241713709681
 0.94368340943683404 401.47534248387097
 0.9444021325209444 435.88609748387097
 0.94512195121951215 462.77778167741945
 0.94584286803966433 462.47455553225808
 0.94656488549618323 416.76318870967742
 0.94728800611153552 530.80601333064521
 0.94801223241590216 478.710785032258
 0.94873756694720734 421.46911214516126
 0.94946401225114851 528.92597667741938
 0.95019157088122608 527.14117379032257
 0.95092024539877296 412.24117574193554
 0.95165003837298545 474.0310112016129
 0.95238095238095233 535.64345100000003
 0.95311299000768634 494.51249216129037
 0.9538461538461539 481.26838709677406
 0.95458044649730567 555.91698106451611
 0.95531587057010781 532.38447687096777
 0.95605242868157281 503.71306588709683
 0.95679012345679015 527.68387509677427
 0.9575289575289575 547.92734556451614
 0.95826893353941267 545.82562545161295
 0.95901005413766438 556.25382413709667
 0.95975232198142413 533.32984799999997
 0.96049573973663827 561.6446150483871
 0.96124031007751942 554.05135887096765
 0.9619860356865787 548.51631980645163
 0.96273291925465843 561.75322270967729
 0.96348096348096346 563.87342416935485
 0.96423017107309483 569.67937374193548
 0.96498054474708173 564.59910302419337
 0.96573208722741433 559.45279974193556
 0.96648480124707714 540.72696158870974
 0.96723868954758185 494.44889370967746
 0.96799375487900075 547.00905592741935
 0.96875 557.63736774193546
 0.96950742767787335 560.09085077419343
 0.97026604068857591 563.25906203225804
 0.971025841816758 552.35684458870969
 0.97178683385579934 547.44791909677429
 0.97254901960784312 540.55964213709683
 0.9733124018838305 531.60974729032262
 0.974076983503535 530.91927923387095
 0.97484276729559749 533.39974141935477
 0.97560975609756095 531.85789375000002
 0.97637795275590555 503.95320645161291
 0.9771473601260835 320.15015622580648
 0.97791798107255523 480.41521793548384
 0.97868981846882397 502.58491579032261
 0.97946287519747233 497.97887429032261
 0.98023715415019763 510.65244556451614
 0.98101265822784811 478.6387984516129
 0.9817893903404592 514.8150662177419
 0.98256735340729007 508.19471893548382
 0.98334655035685958 527.63805375806464
 0.98412698412698407 551.9470645161291
 0.98490865766481339 546.14988487903236
 0.98569157392686801 567.88522374193553
 0.98647573587907722 554.69913764516116
 0.98726114649681529 560.06344619354843
 0.98804780876494025 572.47078024193547
 0.98883572567783096 562.59296216129042
 0.9896249002394254 566.88720126612907
 0.99041533546325877 570.07845070967744
 0.99120703437250202 571.20012304838713
 0.99199999999999999 575.91985887096769
 0.99279423538831069 578.28230617741929
 0.99358974358974361 576.02526967741926
 0.99438652766639934 573.67291704838715
 0.9951845906902087 575.24473887096781
 0.99598393574297184 570.6967046370969
 0.99678456591639875 568.19531458064512
 0.99758648431214803 570.09816085483874
 0.99838969404186795 575.31417183870963
 0.9991941982272361 573.76711255645159
 1 571.35480000000007
 1.0008071025020178 572.84773316129031
 1.0016155088852989 578.41242958064504
 1.0024252223120453 571.82662331451604
 1.0032362459546926 577.91261264516118
 1.0040485829959513 572.00857580645163
 1.0048622366288493 577.37012980645159
 1.0056772100567721 556.58515913709664
 1.0064935064935066 570.81198864516125
 1.0073111291632819 576.85149421774179
 1.0081300813008129 561.2736991935484
 1.0089503661513426 569.10737065322587
 1.009771986970684 567.41546348387101
 1.0105949470252649 525.76957916129038
 1.0114192495921697 567.52028422580645
 1.0122448979591836 559.53949596774203
 1.0130718954248366 541.37314683870966
 1.0139002452984465 535.63985462903224
 1.0147299509001637 543.59150383870974
 1.0155610155610155 559.43808525000009
 1.0163934426229508 549.80775806451607
 1.0172272354388843 535.22158179838732
 1.0180623973727423 549.54993077419351
 1.018898931799507 543.7985483225807
 1.0197368421052631 556.1654503225808
 1.0205761316872428 509.29762499999998
 1.0214168039538716 515.91179816129022
 1.0222588623248146 557.17421583870953
 1.023102310231023 503.33840012903232
 1.0239471511147811 499.4686683225807
 1.024793388429752 535.29385161290327
 1.0256410256410255 488.34290700000008
 1.0264900662251655 510.10691406451616
 1.0273405136702569 505.03315414516123
 1.0281923714759535 564.01620561290326
 1.0290456431535269 511.62803467741941
 1.0299003322259137 423.74379961290316
 1.030756442227764 506.62818936290307
 1.0316139767054908 509.37497151612911
 1.0324729392173189 508.42308796774194
 1.0333333333333334 520.54838709677404
 1.0341951626355297 423.03728136290317
 1.0350584307178632 502.22880619354828
 1.035923141186299 551.34259221774209
 1.0367892976588629 497.54252012903231
 1.0376569037656904 514.73391451612906
 1.0385259631490786 539.09735516129047
 1.0393964794635373 521.48302472580656
 1.0402684563758389 542.40337341935492
 1.0411418975650715 510.88194725806443
 1.0420168067226891 528.05683790322576
 1.0428931875525651 473.92716329838714
 1.0437710437710437 381.33604335483886
 1.0446503791069923 517.85292076612916
 1.0455311973018551 541.25587209677417
 1.0464135021097047 461.3671832661289
 1.0472972972972974 474.65261419354835
 1.048182586644125 495.12566475806454
 1.0490693739424704 364.13107606451615
 1.0499576629974599 511.94477543548379
 1.0508474576271187 494.85222258064505
 1.0517387616624259 542.23930008870957
 1.0526315789473684 402.87600000000003
 1.0535259133389974 527.70980092741934
 1.0544217687074831 531.76542503225801
 1.0553191489361702 503.70544354838717
 1.0562180579216354 374.49092735483873
 1.0571184995737426 506.45283401612892
 1.0580204778156996 503.82839574193548
 1.0589239965841162 495.75891347580642
 1.0598290598290598 506.41572338709676
 1.0607356715141145 466.28383798387108
 1.0616438356164384 461.56978787096773
 1.0625535561268209 450.25807616129032
 1.0634648370497428 411.09026341935476
 1.0643776824034334 425.33680241935485
 1.0652920962199313 439.11742296774196
 1.0662080825451419 511.10746478225803
 1.0671256454388984 381.13903619354835
 1.0680447889750215 377.77660091129036
 1.0689655172413792 310.877006451613
 1.0698878343399483 364.99328010483868
 1.0708117443868739 337.09023261290321
 1.0717372515125325 339.60661485483865
 1.0726643598615917 302.72321161290324
 1.0735930735930737 336.90586209677417
 1.074523396880416 153.01846425806451
 1.0754553339115351 255.28941216129033
 1.0763888888888888 265.01410683870972
 1.0773240660295396 217.31009951612904
 1.0782608695652174 129.73298387096773
 1.0791993037423846 232.67477946774198
 1.0801393728222997 288.16396090322581
 1.0810810810810811 62.784256599999999
 1.0820244328097732 166.96059212903225
 1.0829694323144106 154.40491209677415
 1.083916083916084 119.53825754838708
 1.0848643919510061 328.54031586290319
 1.0858143607705779 236.4217948064516
 1.086765994741455 203.01994271774188
 1.0877192982456141 268.29403548387097
 1.0886742756804215 312.2986439516128
 1.0896309314586994 212.3141086774194
 1.0905892700087951 300.09964245967734
 1.091549295774648 134.00343948387095
 1.0925110132158591 16.063334637096773
 1.0934744268077601 43.286938258064517
 1.0944395410414829 158.71158112096771
 1.0954063604240283 241.93078438709676
 1.0963748894783378 304.93547709677415
 1.0973451327433628 72.674145645161289
 1.0983170947741363 108.86873250806455
 1.0992907801418439 101.81534678709679
 1.1002661934338953 161.0707945564516
 1.1012433392539964 52.748754003225812
 1.1022222222222222 147.26159274193546
 1.103202846975089 110.74917032258065
 1.1041852181656278 130.35395478225806
 1.1051693404634582 82.929998729032249
 1.1061552185548618 188.35427117741935
 1.1071428571428572 143.53775483870965
 1.1081322609472744 114.27988739516131
 1.10912343470483 219.27094170967749
 1.1101163831692031 80.111695808064511
 1.1111111111111112 202.24598399999999
 1.1121076233183858 250.51986350806445
 1.1131059245960502 300.09084725806457
 1.1141060197663972 268.23344879032254
 1.1151079136690647 412.41734038709683
 1.116111611161116 330.02160027419359
 1.117117117117117 475.93837016129049
 1.1181244364292156 409.41151546774194
 1.1191335740072201 411.51495290322589
 1.1201445347786811 477.37168141935484
 1.1211573236889694 392.54037832258058
 1.1221719457013575 498.69024274193544
 1.1231884057971016 459.66072774193537
 1.1242067089755212 457.57253171774204
 1.1252268602540836 459.1524413870967
 1.1262488646684832 485.81887819354841
 1.1272727272727272 474.01749999999998
 1.1282984531392175 494.53606751612892
 1.1293260473588342 488.95992551612903
 1.1303555150410209 561.44852796774194
 1.1313868613138687 487.49026425806437
 1.1324200913242009 503.46479576612899
 1.13345521023766 520.86495758064507
 1.1344922232387924 491.90636001612904
 1.1355311355311355 558.95788335483871
 1.1365719523373052 564.75953737903228
 1.1376146788990826 532.47001048387085
 1.1386593204775024 553.93030966935476
 1.1397058823529411 566.25921651612907
 1.1407543698252069 540.25336768548391
 1.141804788213628 527.01880935483871
 1.1428571428571428 563.26418750000005
 1.1439114391143912 548.22048154838706
 1.1449676823638042 565.76760198387103
 1.1460258780036969 556.47155290322576
 1.147086031452359 547.36716583064515
 1.1481481481481481 561.7721032258064
 1.1492122335495829 567.79282446774198
 1.1502782931354361 565.30700777419349
 1.1513463324048283 565.31571924193531
 1.1524163568773234 573.94877819354849
 1.1534883720930234 552.20235887096771
 1.1545623836126628 578.20775167741954
 1.1556383970177073 560.46510021774202
 1.1567164179104477 570.29182761290338
 1.1577964519140991 570.38463791129027
 1.1588785046728971 558.31417822580647
 1.1599625818521984 540.28634182258054
 1.1610486891385767 569.79687948387095
 1.162136832239925 569.53830361290318
 1.1632270168855534 565.54788570967742
 1.164319248826291 575.46368891129032
 1.1654135338345866 576.96724851612896
 1.1665098777046097 567.16242412096767
 1.167608286252354 575.4369234193548
 1.16870876531574 563.95898581451604
 1.1698113207547169 576.16214516129037
 1.1709159584513693 559.60997479838704
 1.172022684310019 576.09332058064501
 1.173131504257332 580.98750014516122
 1.1742424242424243 581.31859819354838
 1.1753554502369667 582.06719495967752
 1.1764705882352942 579.16351399999996
 1.1775878442545109 580.50622154032271
 1.1787072243346008 581.18025058064507
 1.1798287345385348 583.66582355645153
 1.180952380952381 582.03997983870966
 1.1820781696854146 584.77438948387112
 1.1832061068702291 587.00805883870953
 1.1843361986628462 580.76091972580639
 1.1854684512428297 571.00502277419366
 1.1866028708133971 585.21972016129041
 1.1877394636015326 587.44913458064514
 1.1888782358581016 583.62221552419351
 1.1900191938579654 588.41403870967747
 1.191162343900096 587.07544238709681
 1.1923076923076923 585.89574193548378
 1.1934552454282965 588.82647061290311
 1.1946050096339114 583.66184167741926
 1.1957569913211186 585.35630155645151
 1.196911196911197 590.33011122580638
 1.1980676328502415 589.46747298387095
 1.1992263056092842 586.44068822580664
 1.2003872216844143 581.84748836290339
 1.2015503875968991 590.80488619354844
 1.2027158098933075 589.22328464516113
 1.203883495145631 590.81007661290334
 1.2050534499514092 586.01725925806454
 1.2062256809338521 591.33030516129031
 1.2074001947419668 589.49994633064523
 1.2085769980506822 591.16246722580649
 1.2097560975609756 591.00198084677413
 1.2109375 583.9722694193548
 1.2121212121212122 586.63014299999998
 1.2133072407045009 580.95210870967742
 1.2144955925563172 589.94594495967749
 1.2156862745098038 586.44998709677441
 1.2168792934249264 576.77603998387087
 1.2180746561886051 596.90590909677417
 1.2192723697148475 586.68375316935487
 1.2204724409448819 592.1236856774193
 1.2216748768472907 588.36648245967729
 1.222879684418146 597.58088167741926
 1.2240868706811452 593.86220652419343
 1.2252964426877471 593.64837329032252
 1.2265084075173096 595.78114224193541
 1.2277227722772277 591.60864032258064
 1.2289395441030724 590.9139171935484
 1.2301587301587302 595.58557935483861
 1.2313803376365442 594.96053949193549
 1.2326043737574552 581.52894412903231
 1.2338308457711442 555.30197056451618
 1.2350597609561753 588.03101109677425
 1.2362911266201395 595.83316917741945
 1.2375249500998005 589.48799370967731
 1.2387612387612388 601.53998743548379
 1.24 593
 1.2412412412412412 594.43032142741936
 1.2424849699398797 593.48183506451619
 1.2437311935807422 592.96644950806444
 1.2449799196787148 599.08166245161294
 1.2462311557788945 600.21064032258062
 1.2474849094567404 600.8693125806451
 1.2487411883182276 586.28565058064521
 1.25 596.00947200000007
 1.2512613521695257 596.83596772580654
 1.2525252525252526 578.78857016129018
 1.2537917087967645 590.86396472580634
 1.2550607287449393 578.30234296774188
 1.2563323201621075 580.79327283870964
 1.2576064908722109 588.67251829032261
 1.2588832487309645 538.45140181451609
 1.2601626016260163 575.73751122580632
 1.2614445574771109 521.05575794354831
 1.2627291242362526 538.29498896774192
 1.2640163098878696 553.65249208064506
 1.2653061224489797 468.33441290322577
 1.2665985699693565 493.24929366935487
 1.2678936605316973 474.45463190322585
 1.2691914022517912 491.61322625806451
 1.2704918032786885 439.34495174193552
 1.2717948717948717 452.21384576612911
 1.2731006160164271 440.13210970967742
 1.2744090441932168 463.04209993548398
 1.2757201646090535 523.93606258064517
 1.2770339855818744 542.87111997580644
 1.2783505154639174 481.53592661290327
 1.2796697626418989 519.62404630645165
 1.28099173553719 492.76883096774196
 1.2823164426059979 378.86186580645165
 1.2836438923395446 378.34207983870965
 1.2849740932642486 378.30264637096775
 1.2863070539419088 343.68963354838701
 1.2876427829698858 377.70094037903232
 1.2889812889812891 329.68196174193548
 1.2903225806451613 343.49023000000005
 1.2916666666666667 312.64536774193544
 1.2930135557872784 277.27640471774197
 1.2943632567849688 341.20837229032247
 1.2957157784743991 199.91358776612907
 1.2970711297071129 241.90559238709679
 1.2984293193717278 250.93191068548384
 1.29979035639413 311.28169093548388
 1.3011542497376705 251.67643272580648
 1.3025210084033614 196.54371664516128
 1.3038906414300737 352.84767401612902
 1.3052631578947369 107.17915322580643
 1.3066385669125395 358.75876609677414
 1.3080168776371308 198.75128864516125
 1.3093980992608236 268.40625490322583
 1.3107822410147991 140.4512925483871
 1.3121693121693121 265.1780122983871
 1.3135593220338984 205.38528825806449
 1.3149522799575821 199.60771504838712
 1.316348195329087 290.0535294193549
 1.3177470775770457 265.60859512096778
 1.3191489361702127 336.20267419354843
 1.3205537806176784 283.62262521774193
 1.3219616204690832 142.32186251612904
 1.3233724653148347 115.67949614516127
 1.3247863247863247 114.04791638709681
 1.3262032085561497 176.84725725806453
 1.3276231263383298 101.16515548387098
 1.3290460878885315 174.38562297580648
 1.3304721030042919 210.75340051612903
 1.3319011815252417 286.03812000806454
 1.3333333333333333 301.38974999999999
 1.3347685683530679 383.68436457258065
 1.3362068965517242 409.53466219354834
 1.3376483279395901 545.68777514516125
 1.3390928725701945 486.34793996774181
 1.3405405405405406 490.67333669354826
 1.3419913419913421 496.77369677419352
 1.3434452871072589 511.87192109677432
 1.3449023861171367 480.06437245161288
 1.3463626492942453 533.90614362096778
 1.3478260869565217 507.9355612903226
 1.3492927094668117 503.17445965322588
 1.3507625272331154 402.81527583870968
 1.3522355507088331 495.15477510483879
 1.3537117903930131 390.06630787096771
 1.355191256830601 458.01608951612906
 1.3566739606126914 422.07035487096772
 1.3581599123767798 422.39092375806456
 1.3596491228070176 462.10757574193553
 1.3611416026344676 447.14001748387102
 1.3626373626373627 417.16873145161287
 1.3641364136413641 469.3209444435484
 1.3656387665198237 433.62152167741942
 1.3671444321940462 423.6244294032258
 1.3686534216335542 513.4064394193548
 1.3701657458563536 539.69123971774184
 1.3716814159292035 556.60977187096785
 1.3732004429678848 453.00573065322584
 1.3747228381374723 438.23729648387092
 1.3762486126526081 392.36830107258072
 1.3777777777777778 485.08548387096778
 1.3793103448275863 357.63546024999994
 1.3808463251670378 466.8038638709678
 1.3823857302118172 431.93227979032258
 1.3839285714285714 493.68651974193557
 1.3854748603351956 525.5563784274193
 1.3870246085011186 548.70129580645153
 1.3885778275475924 561.60345825000002
 1.3901345291479821 583.15112890322587
 1.3916947250280585 592.74740729032249
 1.3932584269662922 590.19754274193542
 1.3948256467941507 595.64071818548405
 1.3963963963963963 586.49867767741932
 1.3979706877113867 577.78031191935486
 1.399548532731377 574.51578219354838
 1.4011299435028248 596.40688850806453
 1.4027149321266967 588.01412967741942
 1.4043035107587769 584.30773954032259
 1.4058956916099774 584.98002725806441
 1.4074914869466515 568.73197275000007
 1.4090909090909092 586.77661935483866
 1.4106939704209329 583.56827012903216
 1.4123006833712983 592.06999603225813
 1.4139110604332954 593.06668818548383
 1.4155251141552512 589.62325122580637
 1.417142857142857 572.28616431451621
 1.4187643020594967 579.32602251612911
 1.4203894616265751 588.32056458870954
 1.4220183486238531 592.89102761290326
 1.423650975889782 583.58458924999991
 1.4252873563218391 590.59564112903229
 1.42692750287687 578.28280577419355
 1.4285714285714286 582.80992000000003
 1.4302191464821223 554.95259027419354
 1.4318706697459584 513.47793870967746
 1.4335260115606936 581.22600725806456
 1.4351851851851851 589.4669543225807
 1.436848203939745 600.92047137096779
 1.4385150812064966 595.92728029032241
 1.4401858304297328 589.94205612096778
 1.441860465116279 589.38962580645182
 1.4435389988358556 590.1322310564517
 1.4452214452214451 588.90745277419353
 1.4469078179696615 587.35781882258073
 1.4485981308411215 575.06184929032258
 1.4502923976608186 538.24663306451635
 1.4519906323185012 500.59309187096767
 1.4536928487690504 566.16195140322588
 1.4553990610328638 567.41691135483882
 1.4571092831962398 569.39135558870964
 1.4588235294117646 520.73604838709684
 1.4605418138987043 573.12980158064522
 1.4622641509433962 575.38178683870967
 1.4639905548996459 573.75363330645155
 1.4657210401891252 587.98378161290327
 1.4674556213017751 585.32775201612912
 1.4691943127962086 566.60009690322579
 1.4709371293001186 576.14148362903234
 1.4726840855106889 570.0470781612903
 1.474435196195006 576.14882104838705
 1.4761904761904763 577.96606451612899
 1.4779499404052443 568.41620750000004
 1.4797136038186158 565.76514390322563
 1.4814814814814814 570.17277000000013
 1.4832535885167464 548.03591664516125
 1.4850299401197604 564.07751612903235
 1.4868105515587531 523.97804090322575
 1.4885954381752702 535.24582943548376
 1.4903846153846154 499.21631793548386
 1.4921780986762936 514.53477348387094
 1.4939759036144578 508.90265241935487
 1.4957780458383594 515.04279137096785
 1.4975845410628019 469.84066722580656
 1.4993954050785974 543.08926600806456
 1.5012106537530265 513.80334803225821
 1.5030303030303029 532.06761592741941
 1.5048543689320388 512.00266012903228
 1.5066828675577157 367.45644483064513
 1.5085158150851581 518.51663216129032
 1.510353227771011 542.29859938709671
 1.5121951219512195 467.3613806451612
 1.514041514041514 489.65012063709679
 1.5158924205378974 443.88283158064507
 1.517747858017136 458.53802812096762
 1.5196078431372548 446.8538136774194
 1.5214723926380369 479.54366673387085
 1.5233415233415233 482.81874335483877
 1.5252152521525215 537.62365596774191
 1.5270935960591132 545.97937032258073
 1.528976572133169 558.69155588709668
 1.5308641975308641 558.69031451612909
 1.5327564894932015 556.73109580645155
 1.5346534653465347 569.72914064516135
 1.5365551425030979 570.31555572580658
 1.5384615384615385 574.9278599999999
 1.5403726708074534 551.0825504032257
 1.5422885572139304 562.0691380645161
 1.5442092154420921 554.17173491935489
 1.546134663341646 563.11472774193533
 1.5480649188514357 561.0386808870968
 1.55 553.54838709677415
 1.5519399249061328 561.43249233870961
 1.5538847117794485 571.12074870967763
 1.5558343789209537 559.03514653225807
 1.5577889447236182 548.89540903225804
 1.5597484276729561 557.20139516129029
 1.5617128463476071 557.83417677419357
 1.5636822194199242 551.51071572580656
 1.5656565656565657 554.066338064516
 1.5676359039190897 557.96616919354835
 1.5696202531645569 549.10733870967738
 1.5716096324461344 565.13862072580639
 1.5736040609137056 566.11063870967735
 1.5756035578144854 571.9173427419355
 1.5776081424936388 577.53961548387088
 1.5796178343949046 575.7728104838709
 1.5816326530612246 571.82835612903216
 1.5836526181353767 574.22706822580653
 1.5856777493606138 575.12845870967749
 1.5877080665813059 570.95301024193554
 1.5897435897435896 570.91470967741941
 1.5917843388960204 575.76486814516136
 1.5938303341902313 571.74931387096774
 1.5958815958815959 570.96209540322582
 1.597938144329897 572.94132645161289
 1.6000000000000001 570.15781249999986
 1.6020671834625324 568.68738677419356
 1.6041397153945667 567.21885959677422
 1.6062176165803108 566.08867354838708
 1.6083009079118029 560.21270370967738
 1.6103896103896105 555.03090322580647
 1.612483745123537 537.85236758064525
 1.6145833333333333 529.7951380645161
 1.6166883963494132 462.17217349193555
 1.6187989556135771 385.4655686774193
 1.6209150326797386 323.7662921370968
 1.6230366492146597 253.61591200000001
 1.6251638269986894 178.18127329032257
 1.6272965879265091 322.00455890322587
 1.6294349540078843 71.904410612903234
 1.631578947368421 123.92314838709677
 1.6337285902503293 554.94254395161283
 1.6358839050131926 569.69874032258076
 1.6380449141347424 564.77676040322581
 1.6402116402116402 563.79260903225804
 1.6423841059602649 569.2435141129032
 1.6445623342175066 569.43296129032251
 1.6467463479415672 560.88164467741922
 1.6489361702127661 562.31163870967737
 1.6511318242343542 558.81582951612904
 1.6533333333333333 559.82358870967744
 1.6555407209612818 559.05559330645156
 1.6577540106951871 559.54912129032266
 1.6599732262382865 561.47405588709682
 1.6621983914209115 559.65762258064524
 1.6644295302013423 559.36672782258063
 1.6666666666666667 558.13391999999999
 1.6689098250336474 552.27160040322576
 1.6711590296495957 539.59712032258062
 1.6734143049932524 537.92225709677427
 1.6756756756756757 538.54693548387104
 1.6779431664411366 524.32020201612897
 1.6802168021680217 538.89009967741947
 1.6824966078697421 527.35577346774198
 1.6847826086956521 526.79935999999998
 1.6870748299319729 530.55322983870951
 1.6893732970027249 536.88773322580641
 1.6916780354706684 518.31056596774192
 1.6939890710382515 498.40274322580632
 1.6963064295485637 461.23111153225807
 1.6986301369863013 484.98197580645177
 1.7009602194787381 448.55334725806443
 1.7032967032967032 444.50270967741943
 1.7056396148555708 462.462875
 1.7079889807162534 459.61877322580648
 1.710344827586207 439.9989919354839
 1.7127071823204421 446.18368387096774
 1.7150760719225449 482.42828032258075
 1.7174515235457064 521.57827322580647
 1.7198335644937586 455.32202427419361
 1.7222222222222223 412.00258064516123
 1.7246175243393602 384.87746449999997
 1.7270194986072422 428.05121806451621
 1.7294281729428174 458.99026766129026
 1.7318435754189945 525.72045935483868
 1.7342657342657342 518.9346028225807
 1.7366946778711485 535.65581322580647
 1.7391304347826086 529.60570500000006
 1.7415730337078652 534.37621161290315
 1.7440225035161745 536.30070604838693
 1.7464788732394365 535.60625000000005
 1.7489421720733427 530.85545927419366
 1.7514124293785311 527.45908645161285
 1.7538896746817538 527.6631782258064
 1.7563739376770537 528.34216000000004
 1.7588652482269505 529.65228629032242
 1.7613636363636365 522.71500387096762
 1.7638691322901849 508.03888088709675
 1.7663817663817665 503.69337870967735
 1.7689015691868759 501.66494024193554
 1.7714285714285714 506.71532258064514
 1.7739628040057225 509.01191274193553
 1.7765042979942693 518.3221909677419
 1.7790530846484935 525.10467959677419
 1.7816091954022988 495.51068903225809
 1.7841726618705036 495.25643951612903
 1.7867435158501441 484.12186322580641
 1.7893217893217894 488.34351943548376
 1.7919075144508672 490.02462064516124
 1.7945007235890014 474.90106233870972
 1.7971014492753623 453.86920161290317
 1.7997097242380262 431.76640629032249
 1.8023255813953489 427.76555354838706
 1.8049490538573507 368.53166496774202
 1.8075801749271136 509.98943935483879
 1.8102189781021898 520.23429838709671
 1.8128654970760234 518.37690193548383
 1.8155197657393851 520.28571532258059
 1.8181818181818181 524.42731000000003
 1.8208516886930983 520.4221221774194
 1.8235294117647058 520.90851612903225
 1.8262150220913107 518.55958282258064
 1.8289085545722714 521.44476967741934
 1.8316100443131462 517.13556766129034
 1.834319526627219 520.36299354838707
 1.837037037037037 512.87207661290313
 1.8397626112759644 515.60325999999998
 1.8424962852897473 514.8049456451613
 1.8452380952380953 508.8331974193548
 1.8479880774962743 514.47296201612903
 1.8507462686567164 513.91809677419349
 1.8535127055306428 519.53169629032254
 1.8562874251497006 509.19916129032265
 1.8590704647676162 505.95360306451607
 1.8618618618618619 508.0504732258064
 1.8646616541353382 506.91823790322587
 1.8674698795180722 496.6124541935485
 1.8702865761689291 490.75751903225813
 1.8731117824773413 488.39466419354841
 1.8759455370650528 490.93712040322583
 1.8787878787878789 491.52541935483868
 1.8816388467374809 486.99010524193557
 1.884498480243161 483.76743709677424
 1.8873668188736681 431.40532717741939
 1.8902439024390243 411.28322064516141
 1.8931297709923665 467.04907056451617
 1.8960244648318043 488.18262483870961
 1.898928024502297 492.12412895161293
 1.9018404907975459 475.53367612903224
 1.9047619047619047 493.76234250000005
 1.9076923076923078 463.18266129032247
 1.9106317411402156 459.21099346774201
 1.9135802469135803 472.45972645161288
 1.9165378670788253 475.52632048387096
 1.9195046439628483 476.21140322580652
 1.9224806201550388 488.72872379032259
 1.9254658385093169 483.70258322580639
 1.9284603421461897 484.30215524193545
 1.9314641744548287 477.8443277419355
 1.9344773790951637 475.4290796774194
 1.9375 473.68258064516124
 1.9405320813771518 482.27978758064506
 1.9435736677115987 482.77387967741936
 1.946624803767661 478.08750725806453
 1.949685534591195 460.86447483870967
 1.9527559055118111 470.1473427419354
 1.9558359621451105 463.02737935483862
 1.9589257503949447 468.80613000000005
 1.9620253164556962 439.30197677419352
 1.9651347068145801 454.70628395161282
 1.9682539682539681 445.68029032258073
 1.971383147853736 450.3287962903226
 1.9745222929936306 433.53615354838706
 1.9776714513556619 457.07587040322585
 1.9808306709265175 442.81988000000001
 1.984 441.84727822580652
 1.9871794871794872 443.32341677419345
 1.9903691813804174 443.37478104838709
 1.9935691318327975 445.19740290322579
 1.9967793880837359 460.3433937096774
 2 456.90899999999999
 2.0032310177705979 455.25088814516124
 2.0064724919093853 451.65593032258062
 2.0097244732576987 433.73985419354835
 2.0129870129870131 437.904464516129
 2.0162601626016259 448.28813104838719
 2.0195439739413681 430.99155612903229
 2.0228384991843393 443.07407653225806
 2.0261437908496731 447.97274709677419
 2.0294599018003274 439.88654282258068
 2.0327868852459017 440.69843548387092
 2.0361247947454846 441.13902169354839
 2.0394736842105261 443.06019096774202
 2.0428336079077432 443.05992249999997
 2.0462046204620461 438.96548322580651
 2.049586776859504 439.67277217741946
 2.052980132450331 438.98544645161292
 2.0563847429519071 429.99696580645161
 2.0598006644518274 419.68721290322571
 2.0632279534109816 424.6733370161291
 2.0666666666666669 428.31290322580639
 2.0701168614357264 422.6328553225805
 2.0735785953177257 421.2517441935484
 2.0770519262981573 425.04647516129035
 2.0805369127516777 422.39192903225808
 2.0840336134453783 408.49916935483867
 2.0875420875420874 412.33439322580654
 2.0910623946037101 412.93234588709669
 2.0945945945945947 405.69034322580637
 2.0981387478849407 412.99661467741936
 2.1016949152542375 384.84700806451605
 2.1052631578947367 360.74188500000008
 2.1088435374149661 416.39845935483868
 2.1124361158432707 424.62571685483874
 2.1160409556313993 414.09680548387098
 2.1196581196581197 422.92386290322582
 2.1232876712328768 424.88976516129031
 2.1269296740994856 424.28563153225798
 2.1305841924398625 418.48803870967743
 2.1342512908777969 410.76273620967737
 2.1379310344827585 407.47806451612911
 2.1416234887737478 399.31528790322585
 2.1453287197231834 392.27927741935486
 2.149046793760832 403.35422314516126
 2.1527777777777777 392.0843148387097
 2.1565217391304348 394.00367943548383
 2.1602787456445993 401.72158419354844
 2.1640488656195465 402.4148501612903
 2.1678321678321679 399.32279483870963
 2.1716287215411558 376.81399766129033
 2.1754385964912282 388.20309677419351
 2.1792618629173988 386.60718766129037
 2.183098591549296 394.95421935483859
 2.1869488536155202 397.19447419354844
 2.1908127208480566 371.35460838709673
 2.1946902654867255 391.33380846774196
 2.1985815602836878 387.51275612903231
 2.2024866785079928 393.85954451612901
 2.2064056939501779 378.17224741935479
 2.2103386809269163 395.81241895161293
 2.2142857142857144 372.77935483870959
 2.21824686940966 364.97276798387099
 2.2222222222222223 384.43409999999994
 2.2262118491921004 375.00096870967747
 2.2302158273381294 383.07933677419356
 2.2342342342342341 388.3599072580646
 2.2382671480144403 384.85781322580647
 2.2423146473779387 376.09574596774189
 2.2463768115942031 385.72086193548381
 2.2504537205081672 376.61214370967735
 2.2545454545454544 375.66108870967747
 2.2586520947176685 377.23738064516129
 2.2627737226277373 364.45765290322572
 2.2669104204753201 373.76995241935475
 2.271062271062271 367.62030290322582
 2.2752293577981653 369.7242641129032
 2.2794117647058822 376.88881548387099
 2.2836095764272559 362.75938258064519
 2.2878228782287824 367.4655970967741
 2.2920517560073939 336.37072024193549
 2.2962962962962963 348.6266129032258
 2.3005565862708721 359.68374129032253
 2.3048327137546467 367.36045741935493
 2.3091247672253257 348.57765653225812
 2.3134328358208953 375.31515354838717
 2.3177570093457942 358.58914314516142
 2.3220973782771535 351.89170258064519
 2.3264540337711068 327.29802048387103
 2.3308270676691731 365.14660903225803
 2.335216572504708 370.46037193548392
 2.3396226415094339 349.90172580645162
 2.344045368620038 362.68747669354832
 2.3484848484848486 345.26499096774194
 2.3529411764705883 300.50725749999992
 2.3574144486692017 342.29729967741929
 2.361904761904762 350.77726814516132
 2.3664122137404582 352.18800645161286
 2.3709369024856595 326.22745008064527
 2.3754789272030652 344.78015806451612
 2.3800383877159308 335.93012790322581
 2.3846153846153846 332.24309677419359
 2.3892100192678227 303.18318362903227
 2.3938223938223939 311.66698161290316
 2.3984526112185685 271.47077951612914
 2.4031007751937983 331.85374838709686
 2.407766990291262 327.55287500000003
 2.4124513618677041 317.14173064516132
 2.4171539961013644 322.72159790322581
 2.421875 342.18248258064517
 2.4266144814090018 332.06589104838713
 2.4313725490196076 324.72645967741943
 2.4361493123772102 332.06244620967743
 2.4409448818897639 315.60810967741935
 2.445759368836292 322.55503548387094
 2.4505928853754941 335.82012129032256
 2.4554455445544554 321.55773185483866
 2.4603174603174605 298.81704774193548
 2.4652087475149105 319.38305459677417
 2.4701195219123506 304.15256967741931
 2.4750499001996009 303.18491758064516
 2.48 311.51209677419354
 2.4849699398797593 311.39181508064519
 2.4899598393574296 310.18500290322584
 2.4949698189134808 317.60576580645164
 2.5 311.01184000000001
 2.5050505050505052 325.74492943548387
 2.5101214574898787 305.5370080645161
 2.5152129817444218 311.71034250000002
 2.5203252032520327 290.26206580645157
 2.5254582484725052 303.19824153225807
 2.5306122448979593 314.14374193548389
 2.5357873210633946 279.98369346774194
 2.540983606557377 296.0091509677419
 2.5462012320328542 272.38094588709674
 2.5514403292181069 242.21518838709679
 2.5567010309278349 297.50271572580652
 2.5619834710743801 297.24063741935481
 2.5672877846790891 301.73298241935476
 2.5726141078838176 304.19455354838703
 2.5779625779625781 301.83281427419354
 2.5833333333333335 300.65341935483872
 2.5887265135699375 294.49862548387091
 2.5941422594142258 299.0560741935484
 2.59958071278826 288.5214512903226
 2.6050420168067228 285.61366580645159
 2.6105263157894738 294.49521169354836
 2.6160337552742616 283.94335451612898
 2.6215644820295982 279.64320733870971
 2.6271186440677967 289.72699870967739
 2.632696390658174 274.2777718548387
 2.6382978723404253 268.58945967741937
 2.6439232409381663 278.1797098387097
 2.6495726495726495 275.8819238709678
 2.6552462526766596 263.3424675
 2.6609442060085837 274.47467645161288
 2.6666666666666665 267.66562499999998
 2.6724137931034484 269.88395354838707
 2.678185745140389 277.14108379032257
 2.6839826839826841 274.98128225806448
 2.6898047722342735 271.25563443548384
 2.6956521739130435 260.93351612903223
 2.7015250544662308 261.49929604838712
 2.7074235807860263 262.44183032258059
 2.7133479212253828 267.02355209677421
 2.7192982456140351 263.67626322580645
 2.7252747252747254 254.17327419354839
 2.7312775330396475 254.90232741935486
 2.7373068432671084 236.60266717741931
 2.7433628318584069 255.08342967741939
 2.7494456762749446 265.2906752419355
 2.7555555555555555 254.67641129032262
 2.7616926503340755 244.60379395161294
 2.7678571428571428 244.0981470967742
 2.7740492170022373 240.14141346774193
 2.7802690582959642 210.27346193548388
 2.7865168539325844 233.46189314516124
 2.7927927927927927 223.90834064516133
 2.7990970654627541 228.74087072580642
 2.8054298642533935 224.51104838709679
 2.8117913832199548 208.80044782258059
 2.8181818181818183 210.75858064516129
 2.8246013667425967 183.00723991935484
 2.8310502283105023 189.33765096774189
 2.8375286041189933 214.73231991935484
 2.8440366972477062 209.39687612903225
 2.8505747126436782 190.01852419354839
 2.8571428571428572 172.43687999999997
 2.8637413394919169 185.79555096774192
 2.8703703703703702 198.76961032258066
 2.8770301624129933 118.93797446774191
 2.8837209302325579 130.41712741935487
 2.8904428904428903 162.71302282258065
 2.8971962616822431 174.89640129032256
 2.9039812646370025 172.38912870967741
 2.9107981220657275 177.59768225806454
 2.9176470588235293 181.90685483870971
 2.9245283018867925 175.67304774193551
 2.9314420803782504 175.81217225806452
 2.9383886255924172 180.7121751612903
 2.9453681710213777 182.34382556451615
 2.9523809523809526 159.78425806451611
 2.9594272076372317 173.55054338709675
 2.9665071770334928 165.94552806451611
 2.9736211031175062 172.65494903225806
 2.9807692307692308 176.18217290322582
 2.9879518072289155 170.25274596774196
 2.9951690821256038 163.68317999999999
 3.0024213075060531 164.66786282258067
 3.0097087378640777 170.81174451612901
 3.0170316301703162 159.90279822580646
 3.024390243902439 142.13939516129028
 3.0317848410757948 165.91846927419351
 3.0392156862745097 154.56987870967743
 3.0466830466830466 147.2940220967742
 3.0541871921182264 149.24304612903231
 3.0617283950617282 152.26546572580648
 3.0693069306930694 155.33161419354838
 3.0769230769230771 152.10126749999998
 3.0845771144278609 157.18595516129028
 3.0922693266832919 150.46564540322581
 3.1000000000000001 143.75483870967741
 3.1038798498122655 141.85115768145158
 3.1077694235588971 137.28518491935483
 3.1116687578419073 128.94998832661287
 3.1155778894472363 108.90147254838709
 3.1194968553459121 80.207285534274178
 3.1234256926952142 54.170467508064512
 3.1273644388398485 69.752793211693557
 3.1313131313131315 95.676729677419331
 3.1352718078381794 108.53294733467743
 3.1392405063291138 101.63267177419355
 3.1432192648922688 85.828827792338686
 3.1472081218274113 62.053087193548379
 3.1512071156289707 47.641463887096776
 3.1552162849872776 59.755570766129026
 3.1592356687898091 82.316975453629027
 3.1632653061224492 98.509777032258043
 3.1673052362707534 106.72692866129033
 3.1713554987212276 104.96760143548387
 3.1754161331626118 98.837047441532278
 3.1794871794871793 97.759821774193554
 3.1835686777920409 92.946997520161304
 3.1876606683804627 83.645123411290328
 3.1917631917631919 76.848859161290321
 3.195876288659794 77.19265006451613
 3.2000000000000002 77.747031249999992
 3.2041343669250648 78.685492282258068
 3.2082794307891334 77.787192600806463
 3.2124352331606216 74.618158064516138
 3.2166018158236058 77.137109038306448
 3.220779220779221 80.513668346774196
 3.224967490247074 73.155886288306462
 3.2291666666666665 60.609172645161294
 3.2333767926988264 52.245044679435487
 3.2375979112271542 53.824216217741927
 3.2418300653594772 59.893531149193542
 3.2460732984293195 69.052648967741931
 3.2503276539973789 80.795902122983861
 3.2545931758530182 89.418005346774208
 3.2588699080157686 87.656268296370982
 3.263157894736842 81.60579677419355
 3.2674571805006587 77.449212344758081
 3.2717678100263852 86.171857653225828
 3.2760898282694848 96.376212665322583
 3.2804232804232805 98.630290161290318
 3.2847682119205297 91.313178175403223
 3.2891246684350133 81.63820987903226
 3.2934926958831343 75.894611915322571
 3.2978723404255321 76.935907096774173
 3.3022636484687085 74.095631374999996
 3.3066666666666666 66.830897177419359
 3.3110814419225636 62.46452061895161
 3.3155080213903743 62.763714838709689
 3.3199464524765729 62.760262245967745
 3.3243967828418231 69.436591080645158
 3.3288590604026846 71.899236542338713
 3.3333333333333335 75.267503999999988
 3.3378196500672948 80.192908264112901
 3.3423180592991915 76.965739177419351
 3.3468286099865048 75.566165606854838
 3.3513513513513513 83.362163709677418
 3.3558863328822732 81.994122477822586
 3.3604336043360434 76.112900927419361
 3.3649932157394842 72.616000786290329
 3.3695652173913042 72.909442064516128
 3.3741496598639458 77.236926713709664
 3.3787465940054497 78.516083588709677
 3.3833560709413368 79.789582987903231
 3.3879781420765029 79.435907999999984
 3.3926128590971274 73.935739330645163
 3.3972602739726026 66.998207862903229
 3.4019204389574762 64.349362052419352
 3.4065934065934065 64.781995870967748
 3.4112792297111416 62.380274574596783
 3.4159779614325068 63.962160314516133
 3.420689655172414 62.004674899193539
 3.4254143646408841 56.454600645161285
 3.4301521438450897 53.701973637096785
 3.4349030470914128 54.675965354838716
 3.4396671289875171 59.248249135080648
 3.4444444444444446 62.518412903225787
 3.4492350486787204 58.938765300403233
 3.4540389972144845 48.801206395161294
 3.4588563458856347 41.382091560483872
 3.4636871508379889 44.450169225806448
 3.4685314685314683 47.633595514112912
 3.473389355742297 46.943372395161283
 3.4782608695652173 53.237303624999996
 3.4831460674157304 56.609087354838699
 3.488045007032349 60.16107578225806
 3.492957746478873 62.138455645161308
 3.4978843441466854 61.979756524193547
 3.5028248587570623 61.140059419354827
 3.5077793493635077 57.672093895161296
 3.5127478753541075 52.2955835483871
 3.5177304964539009 49.063181552419344
 3.5227272727272729 51.750903741935474
 3.5277382645803699 52.830543544354839
 3.5327635327635329 54.816496548387086
 3.5378031383737518 56.214887381048385
 3.5428571428571427 52.159314516129037
 3.547925608011445 47.091876622983861
 3.5530085959885387 45.738240032258062
 3.5581061692969871 47.342870612903226
 3.5632183908045976 46.401388258064515
 3.5683453237410072 46.426882762096774
 3.5734870317002883 47.973276096774192
 3.5786435786435788 47.111845953629029
 3.5838150289017343 46.127347161290317
 3.5890014471780027 47.105040911290324
 3.5942028985507246 44.056527822580648
 3.5994194484760524 38.577780941532247
 3.6046511627906979 39.931719741935481
 3.6098981077147014 46.253913550403233
 3.6151603498542273 48.85184968548387
 3.6204379562043796 48.026503175403221
 3.6257309941520468 46.157390129032258
 3.6310395314787702 44.142462127016124
 3.6363636363636362 44.204597250000006
 3.6417033773861966 46.816485949596775
 3.6470588235294117 46.780709677419367
 3.6524300441826214 44.101917915322574
 3.6578171091445428 42.960991572580646
 3.6632200886262924 42.069242707661289
 3.668639053254438 39.995534548387091
 3.674074074074074 36.790800151209673
 3.6795252225519288 34.23555822580645
 3.6849925705794946 34.895622592741937
 3.6904761904761907 37.801040516129028
 3.6959761549925485 41.132601679435474
 3.7014925373134329 41.983010483870963
 3.7070254110612857 40.162283364919354
 3.7125748502994012 37.332575258064523
 3.7181409295352323 36.527539588709679
 3.7237237237237237 38.40336464516129
 3.7293233082706765 39.157418901209681
 3.7349397590361444 38.776625419354843
 3.7405731523378583 37.049640350806449
 3.7462235649546827 35.573749854838709
 3.7518910741301057 37.702054032258069
 3.7575757575757578 41.39868629032258
 3.7632776934749619 41.04480789919355
 3.768996960486322 36.867408346774198
 3.7747336377473362 32.342345637096784
 3.7804878048780486 30.467094709677429
 3.7862595419847329 33.271061743951613
 3.7920489296636086 34.325933661290321
 3.7978560490045941 35.00852277822581
 3.8036809815950918 32.671299354838709
 3.8095238095238093 27.714534749999999
 3.8153846153846156 23.760514112903223
 3.8212634822804312 24.050067582661292
 3.8271604938271606 23.312291225806451
 3.8330757341576507 20.981932155241935
 3.8390092879256965 17.85876898387097
 3.8449612403100777 18.208642590725805
 3.8509316770186337 18.565289129032255
 3.8569206842923793 19.874726828629033
 3.8629283489096573 20.794338580645167
 3.8689547581903274 20.316242993951615
 3.875 16.951329032258066
 3.8810641627543037 16.126209816532256
 3.8871473354231973 16.798771532258066
 3.893249607535322 15.208974756048384
 3.89937106918239 14.348190774193549
 3.9055118110236222 14.832338961693546
 3.9116719242902209 13.904760177419355
 3.9178515007898893 12.146693153225806
 3.9240506329113924 9.9437249032258066
 3.9302694136291603 9.5028828991935477
 3.9365079365079363 10.902746975806455
 3.9427662957074721 10.417482782258064
 3.9490445859872612 9.5168993870967746
 3.9553429027113238 8.5259851874999999
 3.9616613418530351 8.4798490080645159
 3.968 7.795488911290323
 3.9743589743589745 7.3303172129032257
 3.9807383627608348 6.5794125645161294
 3.987138263665595 6.4679828725806452
 3.9935587761674718 5.095748213709677
 4 3.9477724999999997
 4.0064620355411957 3.3453972310483864
 4.0129449838187705 3.1211506887096774
 4.0194489465153973 3.1798276754032258
 4.0259740259740262 2.8946525548387094
 4.0325203252032518 2.7173483618951617
 4.0390879478827362 2.1167261298387094
 4.0456769983686787 1.5991395266129032
 4.0522875816993462 1.4028032032258064
 4.0589198036006549 1.4089104433467741
 4.0655737704918034 1.2350569153225806
 4.0722495894909692 0.89377834536290313
 4.0789473684210522 0.70579738838709694
 4.0856672158154863 0.66703382973790304
 4.0924092409240922 0.52527334717741947
 4.0991735537190079 0.31613933467741939


